## 24082019 21:03:48.914:: ## file="210024082019.compressor.txt";plot file u 1:2, file u 3:4 w p
0 0
0.56 0
1.12 0
1.68 0
2.24 0
2.8 0
3.36 0
3.92 0
4.48 0.0288
5.04 0.1352
5.6 0.32
6.16 0.5832
6.72 0.9248
7.28 1.3448
7.84 1.8432
8.4 2.514
8.96 3.6489
9.52 5.32789
10.08 7.61683
10.64 10.5816
11.2 14.288
11.76 18.8019
12.32 24.6454
12.88 33.3966
13.44 44.0371
14 55.25
14.56 65.7181
15.12 74.1242
15.68 79.1514
16.24 79.9585
16.8 79.584
17.36 78.9272
17.92 78.1199
18.48 77.2938
19.04 76.5806
19.6 76.112
20.16 76.0188
20.72 76.3538
21.28 77.0322
21.84 77.9552
22.4 79.024
22.96 80.1399
23.52 81.204
24.08 82.1176
24.64 82.831
25.2 83.422
25.76 83.9895
26.32 84.6323
26.88 85.4491
27.44 86.5387
28 88
28.56 91.3039
29.12 97.3341
29.68 105.309
30.24 114.445
30.8 123.962
31.36 133.078
31.92 141.009
32.48 147.785
33.04 154.413
33.6 160.856
34.16 167.056
34.72 172.955
35.28 178.495
35.84 183.62
36.4 188.288
36.96 192.532
37.52 196.397
38.08 199.922
38.64 203.149
39.2 206.12
39.76 208.875
40.32 211.421
40.88 213.642
41.44 215.569
42 217.25
42.56 218.735
43.12 220.074
43.68 221.315
44.24 222.491
44.8 223.496
45.36 224.333
45.92 225.034
46.48 225.632
47.04 226.161
47.6 226.653
48.16 227.136
48.72 227.555
49.28 227.897
49.84 228.178
50.4 228.416
50.96 228.626
51.52 228.825
52.08 229.03
52.64 229.216
53.2 229.374
53.76 229.509
54.32 229.631
54.88 229.748
55.44 229.868
