## 24082019 21:35:22.934:: ## file="213524082019.compressor.txt";plot file u 1:2, file u 3:4 w p
0 0
0.56 0
1.12 0
1.68 0
2.24 0
2.8 0
3.36 0
3.92 0
4.48 0.020736
5.04 0.092612
5.6 0.208
6.16 0.358668
6.72 0.536384
7.28 0.732916
7.84 0.940032
8.4 1.146
8.96 1.34502
9.52 1.55267
10.08 1.78541
10.64 2.0597
11.2 2.392
11.76 2.79878
12.32 3.27782
12.88 3.7671
13.44 4.28851
14 4.875
14.56 5.55949
15.12 6.3749
15.68 7.35418
16.24 8.49384
16.8 9.568
17.36 10.6461
17.92 11.868
18.48 13.3738
19.04 15.3033
19.6 17.7965
20.16 21.2351
20.72 29.32
21.28 41.676
21.84 56.2289
22.4 70.904
22.96 83.627
23.52 92.3233
24.08 94.9917
24.64 94.5197
25.2 93.488
25.76 92.127
26.32 90.6672
26.88 89.3391
27.44 88.3732
28 88
28.56 90.0613
29.12 95.5923
29.68 103.613
30.24 113.144
30.8 123.206
31.36 132.82
31.92 141.004
32.48 147.785
33.04 154.413
33.6 160.856
34.16 167.056
34.72 172.955
35.28 178.495
35.84 183.62
36.4 188.288
36.96 192.532
37.52 196.397
38.08 199.922
38.64 203.149
39.2 206.12
39.76 208.875
40.32 211.421
40.88 213.642
41.44 215.569
42 217.25
42.56 218.735
43.12 220.074
43.68 221.315
44.24 222.491
44.8 223.496
45.36 224.333
45.92 225.034
46.48 225.632
47.04 226.161
47.6 226.653
48.16 227.136
48.72 227.555
49.28 227.897
49.84 228.178
50.4 228.416
50.96 228.626
51.52 228.825
52.08 229.03
52.64 229.216
53.2 229.374
53.76 229.509
54.32 229.631
54.88 229.748
55.44 229.868
