## 24082019 01:16:54.692:: ## file="011624082019.compressor.txt";plot file u 1:2, file u 3:4 w p
0 0 0 0
0.56 0.104559 1.95739 0.0567906
1.12 0.196576 3.54847 0.214071
1.68 0.26351 4.874 0.466713
2.24 0.292817 6.00851 0.824378
2.8 0.271956 7.00548 1.30638
3.36 0.188386 7.90199 1.93724
3.92 0.0295632 8.72269 2.74292
4.48 -0.207427 9.48332 3.74769
5.04 -0.466095 10.1935 4.97178
5.6 -0.667311 10.8591 6.42961
6.16 -0.731902 11.4838 8.12872
6.72 -0.580693 12.0706 10.0694
7.28 -0.13451 12.6218 12.2451
7.84 0.68582 13.1398 14.6428
8.4 1.93619 13.6271 17.2437
8.96 3.44376 14.0865 20.0244
9.52 4.90586 14.521 22.9573
10.08 6.01835 14.9341 26.0113
10.64 6.47706 15.3297 29.1532
11.2 5.97785 15.7121 32.3483
11.76 4.21656 16.0857 35.5613
12.32 0.942577 16.4552 38.7575
12.88 -3.19551 16.8252 41.9037
13.44 -6.80295 17.1998 44.9693
14 -8.46241 17.583 47.9275
14.56 -6.75656 17.9778 50.7558
15.12 -0.268087 18.3865 53.4368
15.68 12.4204 18.8104 55.9587
16.24 32.6016 19.25 58.3154
16.8 57.4561 19.7046 60.5069
17.36 79.5918 20.1728 62.5388
17.92 96.1891 20.6525 64.4222
18.48 107.775 21.1406 66.173
19.04 114.94 21.6337 67.8117
19.6 118.278 22.1283 69.362
20.16 118.381 22.6208 70.85
20.72 115.841 23.1078 72.3038
21.28 111.25 23.5862 73.7519
21.84 105.2 24.0536 75.2233
22.4 98.2841 24.508 76.7458
22.96 91.0935 24.9483 78.3465
23.52 84.2209 25.3738 80.0503
24.08 78.2585 25.7847 81.8798
24.64 73.7984 26.1817 83.8547
25.2 71.4258 26.5658 85.9917
25.76 71.3679 26.9387 88.3036
26.32 73.331 27.3022 90.7999
26.88 76.9805 27.6581 93.4855
27.44 81.9818 28.0083 96.3617
28 88 28.3546 99.4257
28.56 94.7311 28.6985 102.671
29.12 101.993 29.0416 106.087
29.68 109.632 29.385 109.659
30.24 117.499 29.7296 113.373
30.8 125.44 30.0761 117.208
31.36 133.303 30.4249 121.145
31.92 140.937 30.7763 125.161
32.48 148.206 31.1304 129.234
33.04 155.077 31.4874 133.344
33.6 161.555 31.8472 137.468
34.16 167.646 32.2099 141.589
34.72 173.355 32.5754 145.687
35.28 178.688 32.944 149.747
35.84 183.65 33.3156 153.754
36.4 188.247 33.6905 157.697
36.96 192.491 34.069 161.565
37.52 196.397 34.4514 165.35
38.08 199.979 34.8381 169.046
38.64 203.251 35.2295 172.647
39.2 206.229 35.6261 176.149
39.76 208.926 36.0284 179.549
40.32 211.358 36.4369 182.843
40.88 213.541 36.8523 186.03
41.44 215.494 37.275 189.108
42 217.235 37.7058 192.075
42.56 218.782 38.1452 194.93
43.12 220.154 38.5939 197.672
43.68 221.369 39.0528 200.3
44.24 222.446 39.5225 202.813
44.8 223.398 40.0039 205.21
45.36 224.239 40.498 207.49
45.92 224.976 41.0058 209.654
46.48 225.623 41.5287 211.7
47.04 226.188 42.068 213.631
47.6 226.683 42.6255 215.445
48.16 227.119 43.2031 217.144
48.72 227.503 43.8032 218.728
49.28 227.842 44.4288 220.2
49.84 228.14 45.0831 221.561
50.4 228.402 45.7703 222.813
50.96 228.634 46.4954 223.959
51.52 228.84 47.2658 225.002
52.08 229.025 48.0924 225.946
52.64 229.194 48.9921 226.797
53.2 229.35 49.9906 227.561
53.76 229.494 51.1257 228.249
54.32 229.628 52.4514 228.873
54.88 229.756 54.0425 229.45
55.44 229.879 55.9999 230
