## 24082019 01:49:26.207:: ## file="014924082019.compressor.txt";plot file u 1:2, file u 3:4 w p
0 0
1.9529 0.210838
3.51648 1.09473
4.77829 2.84541
5.80855 5.46619
6.66358 8.83032
7.38864 12.7328
8.0205 16.9338
8.58944 21.1934
9.12089 25.2976
9.63657 29.0766
10.1553 32.4134
10.6933 35.2448
11.2639 37.5543
11.8778 39.3614
12.5421 40.7115
13.2609 41.6668
14.0351 42.2991
14.8623 42.6834
15.7373 42.8929
16.6523 42.9953
17.5974 43.0509
18.5611 43.111
19.5308 43.2186
20.4937 43.41
21.4377 43.7162
22.3515 44.165
23.2255 44.7822
24.0519 45.5924
24.8253 46.6198
25.5423 47.8878
26.2018 49.4193
26.805 51.2359
27.3548 53.3566
27.8554 55.7966
28.3121 58.5657
28.7306 61.6662
29.1165 65.0922
29.475 68.8284
29.8107 72.8501
30.1272 77.1234
30.4272 81.6061
30.7123 86.2491
30.9833 90.9976
31.24 95.7944
31.4818 100.582
31.7078 105.305
31.9173 109.917
32.1096 114.377
32.2851 118.657
32.4444 122.741
32.5892 126.623
32.7219 130.312
32.8457 133.825
32.9644 137.193
33.0825 140.45
33.2045 143.638
33.335 146.796
33.4783 149.964
33.6381 153.174
33.8175 156.451
34.0186 159.809
34.2424 163.253
34.4893 166.778
34.7586 170.364
35.0486 173.988
35.3571 177.613
35.6814 181.203
36.0185 184.714
36.3655 188.108
36.7197 191.348
37.0787 194.402
37.441 197.248
37.8055 199.871
38.1718 202.263
38.5403 204.429
38.9121 206.38
39.2889 208.132
39.673 209.711
40.0667 211.142
40.473 212.455
40.8945 213.677
41.334 214.833
41.794 215.944
42.2772 217.028
42.7859 218.096
43.3224 219.156
43.8889 220.208
44.4879 221.251
45.1222 222.278
45.7947 223.28
46.5097 224.246
47.2735 225.166
48.0961 226.032
48.9937 226.836
49.9912 227.577
51.1259 228.254
52.4514 228.874
54.0425 229.45
55.9999 230
