## 24082019 02:06:35.416:: ## file="020624082019.compressor.txt";plot file u 1:2, file u 3:4 w p
0 0
3.57317 0.522251
5.99034 3.14572
7.70784 7.8553
8.94103 13.5591
9.82566 19.0536
10.5049 23.5621
11.1444 26.8557
11.897 29.0806
12.8666 30.5446
14.0876 31.5635
15.5233 32.3766
17.0819 33.1288
18.6477 33.9106
20.1134 34.8139
21.4032 35.9687
22.4838 37.5553
23.365 39.7913
24.0877 42.8961
24.7073 47.044
25.2785 52.3287
25.8451 58.7454
26.435 66.1928
27.0602 74.4921
27.7207 83.422
28.4105 92.7535
29.121 102.276
29.8447 111.816
30.5761 121.238
31.3127 130.446
32.054 139.375
32.8014 147.978
33.5573 156.223
34.3251 164.085
35.1089 171.545
35.9128 178.586
36.7414 185.195
37.5995 191.359
38.4924 197.067
39.4257 202.309
40.4062 207.08
41.4423 211.374
42.5446 215.193
43.7284 218.54
45.0149 221.427
46.4346 223.869
48.0399 225.891
49.9475 227.532
52.4221 228.861
56 230
