## 24082019 02:10:26.638:: ## file="021024082019.compressor.txt";plot file u 1:2, file u 3:4 w p
0 0
2.13492 0.075116
3.39169 0.528116
4.12841 1.56045
4.59029 3.22592
4.9354 5.47453
5.25715 8.19026
5.6036 11.2227
5.99351 14.4131
6.4292 17.6134
6.90615 20.7006
7.41942 23.5838
7.96681 26.206
8.5491 28.5401
9.16882 30.5824
9.82889 32.3463
10.5316 33.8569
11.2779 35.146
12.0664 36.2486
12.8936 37.1999
13.7534 38.0324
14.6372 38.7753
15.5344 39.4532
16.4331 40.0865
17.3205 40.6925
18.1844 41.2862
19.0133 41.8815
19.7971 42.4925
20.5282 43.1332
21.2009 43.8189
21.8123 44.5661
22.3618 45.3924
22.8514 46.3163
23.2852 47.3573
23.6691 48.5348
24.0104 49.8675
24.317 51.3728
24.5969 53.0661
24.8582 54.9597
25.1081 57.0633
25.3533 59.3828
25.5994 61.9208
25.8508 64.6761
26.1108 67.6443
26.3817 70.8174
26.6644 74.1848
26.9593 77.7332
27.266 81.4476
27.5837 85.3113
27.9111 89.307
28.2471 93.4166
28.59 97.6217
28.9387 101.904
29.292 106.246
29.6487 110.63
30.0081 115.04
30.3694 119.46
30.7324 123.875
31.0966 128.273
31.4621 132.639
31.8288 136.964
32.1969 141.236
32.5666 145.446
32.9381 149.587
33.3118 153.652
33.6882 157.634
34.0676 161.528
34.4506 165.329
34.8377 169.035
35.2293 172.642
35.626 176.147
36.0283 179.548
36.4369 182.843
36.8523 186.03
37.275 189.108
37.7058 192.075
38.1452 194.93
38.5939 197.672
39.0528 200.3
39.5225 202.813
40.0039 205.21
40.498 207.49
41.0058 209.654
41.5287 211.7
42.068 213.631
42.6255 215.445
43.2031 217.144
43.8032 218.728
44.4288 220.2
45.0831 221.561
45.7703 222.813
46.4954 223.959
47.2658 225.002
48.0924 225.946
48.9921 226.797
49.9906 227.561
51.1257 228.249
52.4514 228.873
54.0425 229.45
55.9999 230
