## 24082019 02:23:14.039:: ## file="022324082019.compressor.txt";plot file u 1:2, file u 3:4 w p
0 0
1.9529 0.190542
3.51634 1.14636
4.77728 3.19437
5.8045 6.39996
6.65176 10.6464
7.36061 15.7031
7.96285 21.2833
8.48278 27.0897
8.93902 32.8501
9.34611 38.3413
9.71573 43.402
10.0577 47.9347
10.3806 51.8981
10.6922 55.2935
10.9998 58.153
11.3106 60.5287
11.6318 62.4837
11.9706 64.0842
12.3343 65.3943
12.7303 66.4709
13.1657 67.3617
13.6472 68.1036
14.1808 68.7234
14.7713 69.2396
15.4218 69.6653
16.1335 70.01
16.9056 70.282
17.735 70.49
18.6162 70.644
19.5418 70.7567
20.5026 70.8437
21.4876 70.924
22.4847 71.0196
23.4812 71.1548
24.4647 71.356
25.4232 71.6499
26.3458 72.0634
27.2235 72.6222
28.0491 73.3507
28.8175 74.271
29.526 75.4027
30.174 76.7627
30.7631 78.3648
31.2969 80.22
31.7805 82.336
32.2201 84.7182
32.6226 87.3689
32.9952 90.2884
33.3452 93.4744
33.6792 96.9225
34.0036 100.626
34.3236 104.576
34.6438 108.761
34.9676 113.167
35.2975 117.777
35.6349 122.572
35.9806 127.527
36.3342 132.616
36.6952 137.809
37.0621 143.07
37.4332 148.362
37.8065 153.646
38.1798 158.878
38.5506 164.015
38.9165 169.014
39.2752 173.833
39.6245 178.432
39.9624 182.777
40.2871 186.839
40.5973 190.596
40.8919 194.035
41.1705 197.152
41.4329 199.95
41.6798 202.442
41.9122 204.647
42.1317 206.593
42.3406 208.312
42.5419 209.838
42.7391 211.209
42.9364 212.461
43.1386 213.627
43.3511 214.736
43.5797 215.812
43.8307 216.873
44.1107 217.932
44.4265 218.993
44.785 220.056
45.1931 221.117
45.6571 222.166
46.1831 223.192
46.7772 224.181
47.4459 225.121
48.1981 226.004
49.0474 226.821
50.0151 227.57
51.1341 228.251
52.4532 228.874
54.0426 229.45
55.9999 230
