## 23082019 18:48:31.225:: ## file="184823082019.compressor.txt";plot file u 1:2 w p
0 0
0.56 0.56
1.12 1.12
1.68 1.68
2.24 2.24
2.8 2.8
3.36 3.36
3.92 3.92
4.48 4.48
5.04 5.04
5.6 5.6
6.16 6.16
6.72 6.72
7.28 7.28
7.84 7.84
8.4 8.4
8.96 8.96
9.52 9.52
10.08 10.08
10.64 10.64
11.2 11.2
11.76 11.76
12.32 12.32
12.88 12.88
13.44 13.44
14 14
14.56 14.56
15.12 15.12
15.68 15.68
16.24 16.24
16.8 16.8
17.36 17.36
17.92 17.92
18.48 18.48
19.04 19.04
19.6 19.6
20.16 20.16
20.72 20.72
21.28 21.28
21.84 21.84
22.4 22.4
22.96 22.96
23.52 23.52
24.08 24.08
24.64 24.64
25.2 25.2
25.76 25.76
26.32 26.32
26.88 26.88
27.44 27.44
28 28
28.56 28.56
29.12 29.12
29.68 29.68
30.24 30.24
30.8 30.8
31.36 31.36
31.92 31.92
32.48 32.48
33.04 33.04
33.6 33.6
34.16 34.16
34.72 34.72
35.28 35.28
35.84 35.84
36.4 36.4
36.96 36.96
37.52 37.52
38.08 38.08
38.64 38.64
39.2 39.2
39.76 39.76
40.32 40.32
40.88 40.88
41.44 41.44
42 42
42.56 42.56
43.12 43.12
43.68 43.68
44.24 44.24
44.8 44.8
45.36 45.36
45.92 45.92
46.48 46.48
47.04 47.04
47.6 47.6
48.16 48.16
48.72 48.72
49.28 49.28
49.84 49.84
50.4 50.4
50.96 50.96
51.52 51.52
52.08 52.08
52.64 52.64
53.2 53.2
53.76 53.76
54.32 54.32
54.88 54.88
55.44 55.44
