## 23082019 18:51:27.249:: ## file="185123082019.compressor.txt";plot file u 1:2 w p
0 0
0.56 0.315663
1.12 0.593461
1.68 0.795532
2.24 0.88401
2.8 0.821032
3.36 0.568734
3.92 0.0892509
4.48 -0.622796
5.04 -1.37232
5.6 -1.88782
6.16 -1.89766
6.72 -1.13021
7.28 0.686184
7.84 3.82315
8.4 8.49724
8.96 14.3837
9.52 20.8504
10.08 27.262
10.64 32.9828
11.2 37.3843
11.76 40.1979
12.32 41.6781
12.88 42.1206
13.44 41.8214
14 41.0761
14.56 40.1807
15.12 39.4309
15.68 39.1225
16.24 39.5513
16.8 41.0132
17.36 43.804
17.92 48.2194
18.48 54.4201
19.04 61.7327
19.6 69.166
20.16 75.7327
20.72 80.8392
21.28 84.5859
21.84 87.1438
22.4 88.6837
22.96 89.3768
23.52 89.3938
24.08 88.9059
24.64 88.1096
25.2 87.2686
25.76 86.6573
26.32 86.5503
26.88 87.2221
27.44 88.9471
28 92
28.56 96.5598
29.12 102.424
29.68 109.296
30.24 116.877
30.8 124.87
31.36 132.977
31.92 140.9
32.48 148.377
33.04 155.353
33.6 161.856
34.16 167.912
34.72 173.549
35.28 178.792
35.84 183.67
36.4 188.207
36.96 192.42
37.52 196.316
38.08 199.905
38.64 203.196
39.2 206.197
39.76 208.918
40.32 211.367
40.88 213.56
41.44 215.516
42 217.255
42.56 218.798
43.12 220.163
43.68 221.372
44.24 222.444
44.8 223.394
45.36 224.233
45.92 224.971
46.48 225.618
47.04 226.186
47.6 226.682
48.16 227.119
48.72 227.504
49.28 227.844
49.84 228.142
50.4 228.404
50.96 228.635
51.52 228.84
52.08 229.025
52.64 229.194
53.2 229.349
53.76 229.493
54.32 229.628
54.88 229.756
55.44 229.879
