## 23082019 18:53:10.764:: ## file="185323082019.compressor.txt";plot file u 1:2 w p
0 0
0.56 -0.163993
1.12 -0.308315
1.68 -0.413295
2.24 -0.459261
2.8 -0.426543
3.36 -0.295469
3.92 -0.0463676
4.48 0.336684
5.04 0.846481
5.6 1.46701
6.16 2.18222
6.72 2.97609
7.28 3.83259
7.84 4.73567
8.4 5.73107
8.96 7.4714
9.52 10.9537
10.08 17.179
10.64 27.1484
11.2 41.8337
11.76 60.7275
12.32 81.17
12.88 100.332
13.44 115.652
14 126.642
14.56 133.78
15.12 137.55
15.68 138.436
16.24 136.921
16.8 133.491
17.36 128.628
17.92 122.817
18.48 116.541
19.04 110.285
19.6 104.533
20.16 99.7647
20.72 96.2217
21.28 93.7199
21.84 92.0324
22.4 90.9322
22.96 90.1923
23.52 89.5858
24.08 88.8859
24.64 87.9867
25.2 87.0988
25.76 86.4842
26.32 86.4051
26.88 87.1233
27.44 88.9009
28 92
28.56 96.5898
29.12 102.469
29.68 109.343
30.24 116.917
30.8 124.898
31.36 132.991
31.92 140.902
32.48 148.37
33.04 155.342
33.6 161.844
34.16 167.901
34.72 173.541
35.28 178.788
35.84 183.669
36.4 188.209
36.96 192.423
37.52 196.32
38.08 199.908
38.64 203.198
39.2 206.198
39.76 208.918
40.32 211.367
40.88 213.559
41.44 215.515
42 217.254
42.56 218.797
43.12 220.163
43.68 221.372
44.24 222.444
44.8 223.394
45.36 224.233
45.92 224.971
46.48 225.619
47.04 226.186
47.6 226.682
48.16 227.119
48.72 227.504
49.28 227.843
49.84 228.141
50.4 228.404
50.96 228.635
51.52 228.84
52.08 229.025
52.64 229.194
53.2 229.349
53.76 229.493
54.32 229.628
54.88 229.756
55.44 229.879
