## 23082019 18:56:52.506:: ## file="185623082019.compressor.txt";plot file u 1:2 w p
0 0
0.56 -0.0220182
1.12 -0.0413953
1.68 -0.0554902
2.24 -0.0616617
2.8 -0.0572689
3.36 -0.0396705
3.92 -0.00622546
4.48 0.0509561
5.04 0.172156
5.6 0.41
6.16 0.817139
6.72 1.44622
7.28 2.34991
7.84 3.58083
8.4 5.1955
8.96 7.28825
9.52 9.97486
10.08 13.3714
10.64 17.5938
11.2 22.7582
11.76 28.9806
12.32 36.3581
12.88 44.6683
13.44 53.4242
14 62.1305
14.56 70.2921
15.12 77.4146
15.68 83.1647
16.24 87.554
16.8 90.6384
17.36 92.4741
17.92 93.1172
18.48 92.6239
19.04 91.05
19.6 88.4519
20.16 84.8859
20.72 80.4431
21.28 75.2753
21.84 69.5405
22.4 63.3969
22.96 57.0023
23.52 50.5148
24.08 44.0927
24.64 37.9744
25.2 32.6091
25.76 28.4805
26.32 26.0718
26.88 25.8665
27.44 28.3481
28 34
28.56 43.0904
29.12 55.0271
29.68 69.0022
30.24 84.2083
30.8 99.8378
31.36 115.083
31.92 129.137
32.48 141.303
33.04 151.579
33.6 160.224
34.16 167.5
34.72 173.667
35.28 178.987
35.84 183.719
36.4 188.109
36.96 192.243
37.52 196.116
38.08 199.724
38.64 203.06
39.2 206.119
39.76 208.897
40.32 211.389
40.88 213.605
41.44 215.569
42 217.305
42.56 218.836
43.12 220.186
43.68 221.38
44.24 222.439
44.8 223.382
45.36 224.219
45.92 224.957
46.48 225.608
47.04 226.179
47.6 226.68
48.16 227.12
48.72 227.507
49.28 227.847
49.84 228.145
50.4 228.407
50.96 228.637
51.52 228.841
52.08 229.025
52.64 229.193
53.2 229.348
53.76 229.492
54.32 229.627
54.88 229.755
55.44 229.878
